Parameters =
----------
0.254     
0.171     
4.048     
0.266     
0.000     
0.036     

Q =
------------------------------------------------------------------------------------------------------------------------
0.00000     0.00000     0.00000     0.00000     0.00000     0.00000     0.00000     0.00000     0.00000     0.00000     0.00000     0.00000     
0.00000     0.00000     0.00000     0.00000     0.00000     0.00000     0.00000     0.00000     0.00000     0.00000     0.00000     0.00000     
0.00000     0.00000     0.00000     0.00000     0.00000     0.00000     0.00000     0.00000     0.00000     0.00000     0.00000     0.00000     
0.00000     0.00000     0.00000     10.00000     0.00000     0.00000     0.00000     0.00000     0.00000     0.00000     0.00000     0.00000     
0.00000     0.00000     0.00000     0.00000     50.00000     0.00000     0.00000     0.00000     0.00000     0.00000     0.00000     0.00000     
0.00000     0.00000     0.00000     0.00000     0.00000     0.25000     0.00000     0.00000     0.00000     0.00000     0.00000     0.00000     
0.00000     0.00000     0.00000     0.00000     0.00000     0.00000     0.10000     0.00000     0.00000     0.00000     0.00000     0.00000     
0.00000     0.00000     0.00000     0.00000     0.00000     0.00000     0.00000     0.00010     0.00000     0.00000     0.00000     0.00000     
0.00000     0.00000     0.00000     0.00000     0.00000     0.00000     0.00000     0.00000     0.00010     0.00000     0.00000     0.00000     
0.00000     0.00000     0.00000     0.00000     0.00000     0.00000     0.00000     0.00000     0.00000     0.10000     0.00000     0.00000     
0.00000     0.00000     0.00000     0.00000     0.00000     0.00000     0.00000     0.00000     0.00000     0.00000     0.01000     0.00000     
0.00000     0.00000     0.00000     0.00000     0.00000     0.00000     0.00000     0.00000     0.00000     0.00000     0.00000     0.10000     

R =
------------------------------
   25         0         0     
    0        25         0     
    0         0        25     

