Parameters =
----------
0.254     
0.171     
4.048     
0.266     
0.000     
0.036     

Q =
------------------------------------------------------------------------------------------------------------------------
    0         0         0         0         0         0         0         0         0         0         0         0     
    0         0         0         0         0         0         0         0         0         0         0         0     
    0         0         0         0         0         0         0         0         0         0         0         0     
    0         0         0        10         0         0         0         0         0         0         0         0     
    0         0         0         0        50         0         0         0         0         0         0         0     
    0         0         0         0         0         0         0         0         0         0         0         0     
    0         0         0         0         0         0         0         0         0         0         0         0     
    0         0         0         0         0         0         0         0         0         0         0         0     
    0         0         0         0         0         0         0         0         0         0         0         0     
    0         0         0         0         0         0         0         0         0         0         0         0     
    0         0         0         0         0         0         0         0         0         0         0         0     
    0         0         0         0         0         0         0         0         0         0         0         0     

R =
------------------------------
   25         0         0     
    0        25         0     
    0         0        25     

 ZEROSEVERYTHING NOT ROLL OR PITCH OR YAW