Q =
------------------------------------------------------------------------------------------------------------------------
    0         0         0         0         0         0         0         0         0         0         0         0     
    0         0         0         0         0         0         0         0         0         0         0         0     
    0         0         0         0         0         0         0         0         0         0         0         0     
    0         0         0         1         0         0         0         0         0         0         0         0     
    0         0         0         0         1         0         0         0         0         0         0         0     
    0         0         0         0         0         0         0         0         0         0         0         0     
    0         0         0         0         0         0         1         0         0         0         0         0     
    0         0         0         0         0         0         0         0         0         0         0         0     
    0         0         0         0         0         0         0         0         0         0         0         0     
    0         0         0         0         0         0         0         0         0         0         0         0     
    0         0         0         0         0         0         0         0         0         0         0         0     
    0         0         0         0         0         0         0         0         0         0         0         0     

R =
------------------------------
   25         0         0     
    0        25         0     
    0         0        25     

