tilqr-just-roll-pitchParameters =
--------------------------------------------------
0.904     0.000     -0.134     -0.049     0.000     

Q =
------------------------------------------------------------------------------------------------------------------------
0.00000     0.00000     0.00000     0.00000     0.00000     0.00000     0.00000     0.00000     0.00000     0.00000     0.00000     0.00000     
0.00000     0.00000     0.00000     0.00000     0.00000     0.00000     0.00000     0.00000     0.00000     0.00000     0.00000     0.00000     
0.00000     0.00000     0.00000     0.00000     0.00000     0.00000     0.00000     0.00000     0.00000     0.00000     0.00000     0.00000     
0.00000     0.00000     0.00000     10.00000     0.00000     0.00000     0.00000     0.00000     0.00000     0.00000     0.00000     0.00000     
0.00000     0.00000     0.00000     0.00000     30.00000     0.00000     0.00000     0.00000     0.00000     0.00000     0.00000     0.00000     
0.00000     0.00000     0.00000     0.00000     0.00000     0.25000     0.00000     0.00000     0.00000     0.00000     0.00000     0.00000     
0.00000     0.00000     0.00000     0.00000     0.00000     0.00000     0.10000     0.00000     0.00000     0.00000     0.00000     0.00000     
0.00000     0.00000     0.00000     0.00000     0.00000     0.00000     0.00000     0.00010     0.00000     0.00000     0.00000     0.00000     
0.00000     0.00000     0.00000     0.00000     0.00000     0.00000     0.00000     0.00000     0.00010     0.00000     0.00000     0.00000     
0.00000     0.00000     0.00000     0.00000     0.00000     0.00000     0.00000     0.00000     0.00000     0.00100     0.00000     0.00000     
0.00000     0.00000     0.00000     0.00000     0.00000     0.00000     0.00000     0.00000     0.00000     0.00000     0.00100     0.00000     
0.00000     0.00000     0.00000     0.00000     0.00000     0.00000     0.00000     0.00000     0.00000     0.00000     0.00000     0.10000     

R =
------------------------------
   35         0         0     
    0        35         0     
    0         0        35     



