TILQR from model, just roll and pitchParameters =
--------------------------------------------------
1.427     0.321     2.618     0.611     0.000     

Q =
------------------------------------------------------------------------------------------------------------------------
0.00000     0.00000     0.00000     0.00000     0.00000     0.00000     0.00000     0.00000     0.00000     0.00000     0.00000     0.00000     
0.00000     0.00000     0.00000     0.00000     0.00000     0.00000     0.00000     0.00000     0.00000     0.00000     0.00000     0.00000     
0.00000     0.00000     0.00000     0.00000     0.00000     0.00000     0.00000     0.00000     0.00000     0.00000     0.00000     0.00000     
0.00000     0.00000     0.00000     10.00000     0.00000     0.00000     0.00000     0.00000     0.00000     0.00000     0.00000     0.00000     
0.00000     0.00000     0.00000     0.00000     50.00000     0.00000     0.00000     0.00000     0.00000     0.00000     0.00000     0.00000     
0.00000     0.00000     0.00000     0.00000     0.00000     0.25000     0.00000     0.00000     0.00000     0.00000     0.00000     0.00000     
0.00000     0.00000     0.00000     0.00000     0.00000     0.00000     0.10000     0.00000     0.00000     0.00000     0.00000     0.00000     
0.00000     0.00000     0.00000     0.00000     0.00000     0.00000     0.00000     0.00010     0.00000     0.00000     0.00000     0.00000     
0.00000     0.00000     0.00000     0.00000     0.00000     0.00000     0.00000     0.00000     0.00010     0.00000     0.00000     0.00000     
0.00000     0.00000     0.00000     0.00000     0.00000     0.00000     0.00000     0.00000     0.00000     0.10000     0.00000     0.00000     
0.00000     0.00000     0.00000     0.00000     0.00000     0.00000     0.00000     0.00000     0.00000     0.00000     0.01000     0.00000     
0.00000     0.00000     0.00000     0.00000     0.00000     0.00000     0.00000     0.00000     0.00000     0.00000     0.00000     0.10000     

R =
------------------------------
   35         0         0     
    0        35         0     
    0         0        35     



